1665327055313 1.1676348547910442 0
1665327055336 0.9909428055599919 1
1665327055355 0.8642102071242614 2
1665327055379 0.7700124789835352 3
1665327055404 0.6968753231559407 4
1665327055426 0.6394286173868092 5
1665327055451 0.592173438943438 6
1665327055475 0.5527338241466321 7
1665327055500 0.5190859834500148 8
1665327055587 0.4904054360743814 9
1665327055617 0.4653480993241647 10
1665327055646 0.44282066406732895 11
1665327055668 0.4228810430055094 12
1665327055687 0.4052811636952835 13
1665327055707 0.3893917629990865 14
1665327055729 0.3750429851804602 15
1665327055751 0.36195745779728267 16
1665327055773 0.35005774918388394 17
1665327055797 0.33907209601956184 18
1665327055819 0.32901764718755816 19
1665327055844 0.3195650490895698 20
1665327055878 0.31078446820332273 21
1665327055901 0.30297935641375306 22
1665327055920 0.2954155103476435 23
1665327055941 0.28853682360432936 24
1665327055966 0.2820635422066062 25
1665327055992 0.27596408936617395 26
1665327056017 0.2702421297790361 27
1665327056042 0.2649425754627878 28
1665327056072 0.2598609459463159 29
1665327056102 0.25496836125114725 30
1665327056126 0.250489797703136 31
1665327056154 0.24642227604702088 32
1665327056178 0.24237329524523832 33
1665327056198 0.23872125389064655 34
1665327056218 0.2351484797470369 35
1665327056238 0.23174518885471332 36
1665327056258 0.228574751012255 37
1665327056276 0.22558546933796392 38
1665327056295 0.22262099705485672 39
1665327056316 0.2197929373263843 40
1665327056341 0.21721028840635093 41
1665327056363 0.2146552696813377 42
1665327056383 0.21220809131412938 43
1665327056404 0.2099990896461359 44
1665327056424 0.20774521718058897 45
1665327056444 0.20570560629241352 46
1665327056464 0.20377680143517968 47
1665327056483 0.20200513864643943 48
1665327056502 0.20021951711419758 49
1665327056524 0.1983523975261403 50
1665327056547 0.19678272973742905 51
1665327056570 0.19511153237219583 52
1665327056591 0.19362374449779182 53
1665327056614 0.19218602061233062 54
1665327056638 0.19074247601194566 55
1665327056660 0.18938966036274868 56
1665327056681 0.18797911214404456 57
1665327056702 0.18676104547841665 58
1665327056723 0.1855059287401484 59
1665327056746 0.18439590180819593 60
1665327056774 0.18326265359930582 61
1665327056799 0.18220206635078143 62
1665327056824 0.18107437097220908 63
1665327056848 0.18007095917526095 64
1665327056872 0.17914961465584506 65
1665327056893 0.1782543261548791 66
1665327056914 0.17731099801960176 67
1665327056935 0.17642403708360246 68
1665327056955 0.1756362667310554 69
1665327056976 0.17493556734163646 70
1665327057000 0.17409000548337347 71
1665327057023 0.17342467376162232 72
1665327057046 0.17268270004565212 73
1665327057066 0.17190695040357826 74
1665327057087 0.17127725822640605 75
1665327057107 0.17059348455516118 76
1665327057128 0.1699923537914083 77
1665327057149 0.16934586519661565 78
1665327057169 0.1687483862296581 79
1665327057189 0.16816800638869053 80
1665327057214 0.16761003313126815 81
1665327057238 0.16708859120396063 82
1665327057260 0.16658441518376227 83
1665327057279 0.16613100652966103 84
1665327057300 0.1657323818669328 85
1665327057319 0.16527151985515245 86
1665327057338 0.164835242667589 87
1665327057359 0.16439298930514235 88
1665327057378 0.16398224606667325 89
1665327057398 0.16351531480821657 90
1665327057424 0.1631235113355011 91
1665327057451 0.16278667267960437 92
1665327057477 0.1624072202206628 93
1665327057503 0.16198301426860312 94
1665327057528 0.16163820448902894 95
1665327057554 0.16126044927511102 96
1665327057580 0.16093395539745328 97
1665327057605 0.16055060245685263 98
1665327057634 0.16019565847586123 99
